resolution      L2 norm of w-wref
========================================
16              1.0409015330391193e-10  6.334025018872105e-10   2.511712576737672e-12
25              4.924551006148866e-11   3.861136814635944e-10   1.1299843173167772e-12
64              8.655354039218616e-12   8.32538563361914e-11    1.905992455747839e-13
121             2.5173050811217758e-12  2.529604247338221e-11   5.494129580693966e-14
256             5.748811475904301e-13   5.899241997048659e-12   1.2492263945340708e-14
484             1.6229198225229838e-13  1.678121146207959e-12   3.520889511206925e-15
1024            3.644894692667561e-14   3.784515785374617e-13   7.900399725993656e-16
2025            9.342117834186813e-15   9.716913643189926e-14   2.0241696660472008e-16
4096            2.2861426028973047e-15  2.3799216530284196e-14  4.9526114754812624e-17