resolution      L2 norm of w-wref
========================================
4               5.6740311893891665e-06  1.3205918018932329e-05  8.906387749073007e-07
8               1.1046999357945028e-06  3.4188809259679403e-06  1.6399443445156617e-07
16              1.954726234912669e-07   6.261295467502382e-07   2.881532025294536e-08
32              3.427673910133959e-08   1.1044886747946188e-07  5.046406213714367e-09
64              6.023331448825483e-09   1.943434283955597e-08   8.865563837704956e-10
128             1.0611232300092721e-09  3.424831722750918e-09   1.562483839476416e-10
256             1.872374162041046e-10   6.044144358891638e-10   2.7783437079575143e-11
512             3.306786749101107e-11   1.0688296028737449e-10  5.475250200762353e-12
1024            5.842811648851992e-12   1.9265147720384986e-11  1.970847549831743e-12
2048            1.0326262695802618e-12  4.339776875813211e-12   1.2628569756156453e-12
4096            1.8252327839588152e-13  2.05137521989969e-12    8.867884975364258e-13