resolution      L2 norm of w-wref
========================================
4               9.696269446369145e-07   2.4320995640848766e-06  3.092192251810962e-08
8               8.28061512539648e-08    3.952704012738223e-07   2.121270616103343e-09
16              5.2808958233867725e-09  2.784486718464612e-08   1.314686889400881e-10
32              3.2523022916512543e-10  1.7389853653166955e-09  8.36586767591592e-12
64              2.0084212004298614e-11  1.0905362573583833e-10  8.201199247155844e-13
128             1.246543084529894e-12   8.256643481148132e-12   3.5417143156649035e-13
256             7.762094189104836e-14   1.999659921712339e-12   3.2461613459975733e-13
512             4.8420838267703065e-15  1.6086130558386496e-12  3.2233904654455596e-13
1024            3.0233856707631805e-16  1.5832301800263473e-12  3.2194973459274813e-13
2048            1.8896215912244735e-17  1.5817934877378373e-12  3.217945799062687e-13
4096            1.1807262444945163e-18  1.5813659143657402e-12  3.2179626922532075e-13
8192            7.378636792980586e-20   1.5811885527480713e-12  3.2175749252588235e-13
16384           4.611597852927261e-21   1.5811894204604442e-12  3.217379658683283e-13