resolution      L2 norm of w-wref
========================================
4               4.92193376526549e-07    5.424679031994857e-07   3.006536939936134e-06
8               5.611625935478173e-06   6.405465735503944e-06   3.774727638432695e-06
16              1.0125772466337307e-06  5.977898751758519e-06   9.77560576570558e-07
32              3.1775365443832473e-06  1.8660976532075587e-06  1.3333460872081586e-07
64              1.2819545107254229e-06  1.918474192801549e-06   2.7414776755772693e-08
128             2.471103048264612e-07   2.049839307568441e-06   3.794364539864464e-09
256             4.904479782196809e-08   6.300839482772937e-07   6.782776011339784e-10
512             8.201239876328573e-09   1.204305115193629e-07   1.1025050998055926e-10
1024            1.3950456904800601e-09  2.1193320060372296e-08  1.8698684957613728e-11
2048            2.4122643210485834e-10  3.696126373432539e-09   3.447502539988199e-12
4096            4.26647804804981e-11    6.551232160699096e-10   1.0533521280220452e-12