resolution      L2 norm of w-wref
========================================
16              1.9443537608844928e-10  7.150476233765408e-10   4.997545861991856e-12
25              9.768509872057124e-11   6.561295343826543e-10   2.259312995269692e-12
64              1.816411925813256e-11   1.9997020612695998e-10  3.8285820140612466e-13
121             5.35097964366924e-12    6.566872032183847e-11   1.1047785949726902e-13
256             1.2309269370861594e-12  1.594987622144823e-11   2.513526114746742e-14
484             3.483212787080608e-13   4.596332721522227e-12   7.0856752814163584e-15
1024            7.837981502322478e-14   1.0464295813631545e-12  1.590200080301825e-15
2025            2.01027413655212e-14    2.6956460297890947e-13  4.074497004776106e-16
4096            4.921779038736514e-15   6.617610807977852e-14   9.969599470856944e-17