resolution      L2 norm of w-wref
========================================
16              7.99452877277153e-11    2.2143836600217844e-10  2.4533031626041665e-12
25              3.9728803564995315e-11  1.4545895966243592e-10  1.108959747253714e-12
64              7.35805735178194e-12    3.53746139909885e-11    1.879898040005599e-13
121             2.1656186655621324e-12  1.1096905002166473e-11  5.4249809007586146e-14
256             4.968950239384876e-13   2.6203156398375678e-12  1.2340487316078847e-14
484             1.4042839204766073e-13  7.471294741867302e-13   3.4784695951131936e-15
1024            3.1546290309178735e-14  1.684875020941608e-13   7.805415471903409e-16
2025            8.085265595725938e-15   4.32365638289836e-14    1.9998324900707451e-16
4096            1.9784095267291163e-15  1.058472880343157e-14   4.893041595099046e-17
8100            5.061691656444842e-16   2.7085444731218034e-15  1.252046592370963e-17
16384           1.2374900591874098e-16  6.622463426297866e-16   3.063392068941789e-18
32761           3.0954438593218824e-17  1.656697655191627e-16   7.68678755222173e-19