resolution      L2 norm of w-wref
========================================
16              3.278542321051451e-07
25              1.2971222160191073e-06
64              3.165203064126721e-06
121             2.0993110973210326e-06
256             1.0994610553807973e-06
484             6.909721401667188e-07
1024            4.7572081385316754e-07
2025            3.8950062439704646e-07
4096            3.474598098467268e-07
8100            3.2779640198076916e-07
16384           3.1779463695817947e-07
32761           3.1294659606845127e-07
65536           3.105304490587384e-07
131044          3.09325262532581e-07
