resolution      L2 norm of w-wref
========================================
4               5.142069060124554e-06   6.391845502658861e-07   1.028518619046309e-06
5               3.5290776009203363e-06  4.109271822566207e-06   6.161387630798935e-07
8               1.164344718108602e-06   3.0208915823823544e-06  1.7871069799214293e-07
11              4.84110371702898e-07    1.4413050098053281e-06  7.237596828071053e-08
16              1.638993138978313e-07   5.160666450067018e-07   2.423844467541487e-08
22              6.405277891013563e-08   2.049738673564898e-07   9.442314709861441e-09
32              2.1002982211585515e-08  6.773102785788723e-08   3.0912435428852132e-09
45              7.581751147855761e-09   2.4515738420393088e-08  1.1152578366892071e-09
64              2.640802868813918e-09   8.5507205466093e-09     3.8834176143323714e-10
90              9.505889393411876e-10   3.0805752081256473e-09  1.397630189602639e-10
128             3.3059129565459576e-10  1.0715535358218408e-09  4.8607032233982395e-11