resolution      L2 norm of w-wref
========================================
4               8.209287612217012e-06   5.357389774173361e-06   1.0422305933338145e-06
8               2.9186512730361898e-06  9.33131584287874e-06    2.2097421004188702e-07
16              6.96792279752196e-07    5.214391257131223e-06   4.136031038556821e-08
32              1.1824917771958545e-07  1.2345187211225183e-06  6.496321094826707e-09
64              1.9893631766836127e-08  2.2654193708280904e-07  1.0705556460544588e-09
128             3.5387840208667804e-09  4.119544468695868e-08   1.8949837599911893e-10
256             6.265574911111049e-10   7.334332965447173e-09   3.3687059777996166e-11
512             1.0973886630927469e-10  1.2863698643155787e-09  6.3830428978542946e-12
1024            1.930699820158479e-11   2.2642897354342016e-10  2.052274879282811e-12
2048            3.4131103939557073e-12  4.012222890899634e-11   1.2677492758589302e-12
4096            6.033615065993904e-13   7.343958887460443e-12   8.877132460412866e-13