resolution      L2 norm of w-wref
========================================
4               2.235303219504162e-06   3.7202013217330964e-06  3.9157559638487317e-07
5               1.2606157791186047e-06  2.412127356965958e-06   2.1061431554114512e-07
8               3.3907174185296154e-07  7.43457022038459e-07    5.4197238722018715e-08
11              1.3378219209079283e-07  3.028365214335571e-07   2.117417127627199e-08
16              4.4056738259262436e-08  1.0117118151257535e-07  6.942984110409425e-09
22              1.703353475807657e-08   3.92893871226978e-08    2.6808432791790445e-09
32              5.5503985618767136e-09  1.2827259111997622e-08  8.730679415328967e-10
45              1.9981801065029253e-09  4.620756388028908e-09   3.1425652409478745e-10
64              6.94989311702608e-10    1.6075329900718497e-09  1.0929731616581747e-10
90              2.499800359104884e-10   5.782630947481804e-10   3.9315856456317033e-11
128             8.690822677256446e-11   2.0104802789955367e-10  1.3673867295840218e-11