resolution      L2 norm of w-wref
========================================
4               4.386291200999926e-06   3.214231797286666e-06   1.012995256658545e-06
5               3.035449109274939e-06   3.4676155569724393e-06  6.074125792543726e-07
8               1.0436461150727577e-06  1.9486894699496737e-06  1.7697081020821153e-07
11              4.426062951609357e-07   9.332934175492481e-07   7.181744697592284e-08
16              1.513176524978874e-07   3.365854138492317e-07   2.4075161919178767e-08
22              5.9327765470541574e-08  1.3427048377445252e-07  9.38170745809009e-09
32              1.9469326519455712e-08  4.431430246079801e-08   3.071668963368914e-09
45              7.0294534629113425e-09  1.603088134224576e-08   1.108219310169973e-09
64              2.4481638136009957e-09  5.584501059599452e-09   3.858881391258744e-10
90              8.809902011542478e-10   2.00804672655757e-09    1.3887673590758644e-10
128             3.063989835906931e-10   6.9862806840922e-10     4.8299009190742357e-11