resolution      L2 norm of w-wref
========================================
4               2.550614550678616e-06   6.291872245651188e-06   3.9620958683567694e-07
5               1.4035029048559579e-06  3.929955120974048e-06   2.1260144135546878e-07
8               3.6774978831268086e-07  1.140544389161454e-06   5.457209204790279e-08
11              1.4423652150316132e-07  4.572288297880537e-07   2.130869065549273e-08
16              4.738807322379987e-08   1.5180221953825283e-07  6.985549859401543e-09
22              1.8311582467526742e-08  5.888286826680832e-08   2.697138980821669e-09
32              5.966127161459323e-09   1.9224505845762298e-08  8.783638827358821e-10
45              2.1478806996358805e-09  6.927106550227074e-09   3.161629907318839e-10
64              7.470819259150313e-10   2.410467573059781e-09   1.0996062778918046e-10
90              2.687239048425717e-10   8.672234827390853e-10   3.9554497160778876e-11
128             9.342623834879746e-11   3.0153812077725657e-10  1.3756821018666022e-11